Outer Rim,1,#0100ea
NA
Mid Rim,1.1,#2000c9
580.748,1120.85 610.596,1135.34 626.514,1144.16 671.996,1147.57 704.687,1150.98 727.996,1152.12 758.696,1147 800.199,1123.41 823.792,1109.19 848.239,1098.96 862.736,1098.11 882.635,1097.82 906.229,1101.23 923,1103.79 944.888,1104.36 967.345,1100.66 994.918,1093.56 1021.64,1084.18 1046.65,1075.65 1071.95,1067.12 1094.69,1056.89 1108.05,1049.5 1120.28,1039.55 1132.22,1029.88 1143.87,1021.64 1150.41,1013.96 1157.52,994.35 1166.9,968.198 1170.59,951.711 1174.86,924.706 1174,900.259 1172.01,883.488 1168.32,878.371 1166.61,863.305 1167.52,829.042 1167.52,771.295 1167.52,720.409 1168.66,670.667 1173.24,621.496 1178.38,581.473 1178.81,564.559 1181.1,530.235 1178.15,509.64 1174.23,492.641 1164.42,473.681 1145.14,460.605 1118.66,452.432 1092.18,450.144 1058.18,449.817 1026.14,456.355 1002.93,458.643 987.897,458.97 942.131,468.123 921.536,471.719 900.287,471.065 886.885,464.854 867.597,450.471 838.83,430.857 814.639,419.742 790.775,411.896 763.969,404.704 741.413,400.455 719.838,398.82 694.666,399.474 672.764,401.435 656.092,402.743 631.901,406.339 616.21,408.627 593,411.569 575.674,422.03 556.714,434.452 542.984,448.836 534.484,461.258 526.312,475.315 516.505,490.353 505.063,520.428 497.218,536.119 490.026,574.04 484.142,598.884 479.238,630.92 474.008,662.303 471.392,694.666 469.431,731.279 469.104,774.757 469.104,810.716 470.739,848.31 471.719,877.077 472.373,909.114 477.277,942.131 480.219,972.86 485.122,1000.97 492.314,1020.91
Expansion,1.25,#4700a1
602.942,986.274 621.353,1013.89 639.106,1034.27 655.509,1049.78 678.819,1058.59 722.027,1060.87 766.94,1058.02 790.25,1056.32 824.645,1046.09 876.097,1029.03 902.249,1013.4 920.726,998.045 936.36,992.36 953.132,986.106 964.787,967.914 968.766,944.888 978.431,928.97 988.096,915.041 1000.6,900.259 1010.55,889.457 1017.94,882.351 1024.77,875.244 1036.42,831.183 1040.97,784.28 1039.55,745.62 1034.72,718.331 1022.49,687.631 1010.55,653.804 1005.44,629.357 998.614,600.646 988.38,570.23 977.863,546.068 964.787,524.18 948.584,502.86 932.949,488.079 908.218,476.708 893.721,473.865 861.599,471.876 843.975,471.876 826.635,477.561 810.148,484.099 791.955,491.205 770.635,498.881 749.884,502.576 733.113,503.997 716.91,505.134 699.001,504.85 680.524,502.007 661.194,498.312 639.59,495.185 619.976,489.784 602.352,484.383 589.276,482.678 576.484,482.393 565.966,484.383 554.596,492.342 547.205,500.018 542.657,509.114 533.845,527.307 527.591,547.774 522.19,566.819 512.525,602.352 503.144,641.296 496.322,671.996 494.901,696.159 492.627,732.828 491.49,756.422 491.205,772.341 491.205,793.376 492.627,823.508 495.185,849.66 498.312,871.833 503.997,893.152 511.388,914.188 513.378,920.726 531.286,938.35 557.154,957.112
Inner Rim,1.5,#740071
539.545,887.569 563.755,912.211 583.642,927.343 605.691,939.88 631.631,952.418 654.544,958.903 680.484,964.523 709.882,968.846 732.795,969.711 760.032,966.685 788.566,961.497 813.208,953.282 835.689,942.906 857.306,931.234 876.328,916.535 889.73,902.7 893.621,870.275 896.647,846.497 897.512,825.746 901.835,801.103 911.347,775.596 923.884,744.036 932.098,719.393 941.61,701.235 955.444,683.942 969.278,661.029 975.331,635.954 977.925,613.041 974.466,591.424 961.497,564.62 947.662,539.113 932.531,512.741 914.373,492.421 901.403,480.316 892.324,475.56 879.787,476.857 867.249,482.91 839.148,491.556 814.505,503.229 791.592,513.605 771.705,517.064 747.927,519.658 719.393,521.819 693.453,520.09 671.837,515.767 650.221,514.47 627.307,514.902 608.285,519.658 595.747,532.628 582.778,546.462 566.349,569.375 554.244,590.992 543.436,609.582 534.357,642.006 526.575,674.863 522.684,705.559 520.955,746.63 519.658,781.648 521.387,821.855 525.71,855.576 531.331,875.896
Colonies,2,#a6003c
743.702,893.749 781.622,884.269 813.985,867.924 834.907,850.925 855.175,830.984 869.886,811.37 886.231,778.026 890.807,756.451 896.365,720.818 894.076,693.686 887.865,668.187 875.77,640.727 863.348,618.825 842.099,593 818.562,574.04 792.737,560.31 766.585,549.522 742.067,542.984 713.3,541.676 685.513,545.926 660.668,553.118 626.017,570.444 607.057,584.827 589.077,600.192 573.386,620.133 561.29,646.612 552.791,673.745 550.176,705.454 551.156,732.914 553.445,761.027 558.675,786.199 567.828,805.159 578.943,825.754 599.211,845.368 621.767,864.001 644.977,879.039 677.994,890.48 710.358,893.749
Core,3,#c7001a
696.611,588.341 650.747,606.011 624.807,627.439 601.875,656.762 590.221,690.596 587.59,733.829 598.868,771.799 622.928,810.144 643.228,827.437 667.664,839.843 695.859,849.994 728.566,852.249 754.882,846.61 781.949,836.084 805.633,819.919 820.671,805.257 835.332,784.205 844.544,761.539 851.082,737.377 851.366,709.235 847.386,684.22 836.3,656.93 819.244,632.768 799.346,611.733 779.732,600.931 753.864,590.129 722.595,586.718
Deep Core,5,#df0001
706.961,640.443 681.093,648.687 663.753,662.047 653.804,674.839 642.717,692.747 640.727,710.372 640.159,724.016 642.433,739.651 648.971,756.422 659.205,772.341 672.281,784.849 688.768,793.092 702.412,795.935 712.646,798.209 732.26,797.64 749.6,793.376 769.783,782.006 785.701,764.666 795.366,745.905 798.209,731.407 798.777,711.793 794.229,690.189 783.711,671.996 773.762,659.773 757.844,648.687 741.072,642.433 724.016,639.59